6,1,0,0,0,2,1,1,0,0,0,,2024-12-18 0:00:00
9,2,0,0,1,0,0,0,0,0,0,,
10,3,0,0,0,0,0,0,0,1,1,,
11,0,0,0,2,0,1,0,0,0,0,,
39,0,2,0,0,1,1,0,0,1,0,,
43,1,0,1,0,0,0,0,0,1,0,,
51,0,1,1,0,0,0,0,0,0,1,,
52,0,0,0,0,0,0,2,1,0,2,,
53,0,0,0,0,1,2,0,1,0,1,,
54,1,2,0,1,1,0,0,0,0,0,,
58,0,0,0,0,0,1,2,1,0,1,,
72,1,0,0,0,3,0,0,0,1,0,,
76,1,0,0,2,0,0,0,0,2,0,,
81,0,0,1,0,0,0,3,0,1,0,2024-12-28 0:00:00,2024-12-28 0:00:00
82,0,0,0,0,3,1,0,0,0,1,2024-12-28 0:00:00,2024-12-28 0:00:00
85,1,0,0,2,0,0,0,0,0,1,,
91,1,1,0,0,0,0,1,0,0,0,,
93,0,1,0,0,0,1,0,2,1,0,,
99,0,1,1,0,0,0,0,1,0,2,,
111,1,0,0,3,0,0,0,0,1,0,2024-12-29 0:00:00,2024-12-29 0:00:00
126,0,1,0,0,0,1,2,0,0,1,,2024-12-18 0:00:00
128,3,0,0,0,0,0,0,1,0,0,,
139,0,0,0,2,0,1,2,0,0,0,,
144,0,0,0,2,1,0,0,0,0,0,,
157,0,2,0,0,0,0,0,1,1,0,,
166,0,0,1,1,1,2,0,0,0,0,,
186,3,0,0,0,2,0,0,0,0,0,,
192,0,0,0,0,3,0,0,1,0,1,,
202,0,0,0,0,0,3,2,0,0,0,,
205,2,0,0,0,0,1,1,0,0,1,2024-12-23 0:00:00,2024-12-23 0:00:00
209,0,0,0,0,1,2,2,0,0,0,,
231,0,0,0,0,2,0,2,0,1,0,,
234,3,0,0,0,0,0,0,0,0,0,,
237,0,0,0,3,1,0,0,0,0,1,2024-12-18 0:00:00,2024-12-18 0:00:00
249,2,0,0,0,0,0,1,0,2,0,,
265,0,0,2,0,0,0,0,2,0,1,,
275,0,0,0,0,1,1,0,0,2,1,,
280,0,3,0,1,0,0,1,0,0,0,,
294,0,0,0,0,0,2,1,1,1,0,,
303,0,2,0,0,1,0,1,0,1,0,,
315,0,0,0,3,0,0,0,0,1,1,2024-12-29 0:00:00,2024-12-29 0:00:00
316,0,0,0,0,1,0,0,2,0,2,,
354,0,3,0,0,1,0,0,1,0,0,,
375,0,1,2,0,2,0,0,0,0,0,,
416,0,0,3,0,0,1,0,1,0,0,,
452,2,0,0,1,0,0,0,1,0,1,2024-12-28 0:00:00,2024-12-28 0:00:00
483,1,0,0,0,1,2,0,1,0,0,2024-12-18 0:00:00,2024-12-18 0:00:00
486,0,2,0,0,2,0,1,0,0,0,,
488,2,0,0,0,1,0,0,2,0,0,,
493,2,0,0,0,0,2,0,0,0,1,2024-12-28 0:00:00,2024-12-28 0:00:00
494,0,0,0,0,2,1,0,1,1,0,,
506,0,0,3,1,0,1,0,0,0,0,,
540,2,0,0,0,2,0,1,0,0,0,,
549,0,0,0,0,5,0,0,0,0,0,2024-12-29 0:00:00,2024-12-29 0:00:00
557,1,0,0,0,3,0,0,0,1,0,2024-12-29 0:00:00,2024-12-29 0:00:00
565,0,0,1,0,0,2,0,0,1,1,2024-12-28 0:00:00,2024-12-28 0:00:00
573,2,0,0,0,0,2,0,0,0,1,2024-12-23 0:00:00,2024-12-23 0:00:00
575,0,2,3,0,0,0,0,0,0,0,2024-12-23 0:00:00,2024-12-23 0:00:00
584,0,0,0,0,0,0,0,0,3,2,2025-1-8 0:00:00,2025-1-8 0:00:00
590,3,0,0,0,0,0,0,0,2,0,2024-12-15 0:00:00,2024-12-15 0:00:00
603,0,0,0,3,0,0,2,0,0,0,2025-1-8 0:00:00,2025-1-8 0:00:00
647,0,0,3,0,0,0,0,2,0,0,2025-1-8 0:00:00,2025-1-8 0:00:00
721,2,0,0,0,3,0,0,0,0,0,2025-1-8 0:00:00,2025-1-8 0:00:00
757,0,0,0,1,0,0,0,0,2,2,2025-1-8 0:00:00,2025-1-8 0:00:00
761,0,0,0,0,3,0,1,0,0,1,2025-1-8 0:00:00,2025-1-8 0:00:00
770,2,0,1,0,0,0,2,0,0,0,2025-1-8 0:00:00,2025-1-8 0:00:00
